# dt=3.361082430e-12 dx=1.500000e-03 dy=1.500000e-03 mode=FIXED cpml=0 freq=1.000000000e+09 SIGMA_BG=0 SIGMA_BLOCK=0
0 0.000000000e+00
1 0.000000000e+00
2 0.000000000e+00
3 0.000000000e+00
4 0.000000000e+00
5 0.000000000e+00
6 0.000000000e+00
7 0.000000000e+00
8 0.000000000e+00
9 0.000000000e+00
10 0.000000000e+00
11 0.000000000e+00
12 0.000000000e+00
13 0.000000000e+00
14 0.000000000e+00
15 0.000000000e+00
16 0.000000000e+00
17 0.000000000e+00
18 0.000000000e+00
19 0.000000000e+00
20 0.000000000e+00
21 0.000000000e+00
22 0.000000000e+00
23 0.000000000e+00
24 0.000000000e+00
25 0.000000000e+00
26 0.000000000e+00
27 0.000000000e+00
28 0.000000000e+00
29 0.000000000e+00
30 0.000000000e+00
31 0.000000000e+00
32 0.000000000e+00
33 0.000000000e+00
34 0.000000000e+00
35 0.000000000e+00
36 0.000000000e+00
37 0.000000000e+00
38 0.000000000e+00
39 0.000000000e+00
40 0.000000000e+00
41 0.000000000e+00
42 0.000000000e+00
43 0.000000000e+00
44 0.000000000e+00
45 0.000000000e+00
46 0.000000000e+00
47 0.000000000e+00
48 0.000000000e+00
49 0.000000000e+00
50 0.000000000e+00
51 0.000000000e+00
52 0.000000000e+00
53 0.000000000e+00
54 0.000000000e+00
55 0.000000000e+00
56 0.000000000e+00
57 0.000000000e+00
58 0.000000000e+00
59 0.000000000e+00
60 0.000000000e+00
61 0.000000000e+00
62 0.000000000e+00
63 0.000000000e+00
64 0.000000000e+00
65 7.841824535e-48
66 7.201908652e-46
67 3.347385094e-44
68 1.046848298e-42
69 2.475279199e-41
70 4.717409526e-40
71 7.545324605e-39
72 1.041431767e-37
73 1.265826951e-36
74 1.375981810e-35
75 1.353989085e-34
76 1.217955863e-33
77 1.009629365e-32
78 7.764962601e-32
79 5.572591490e-31
80 3.750261020e-30
81 2.376942651e-29
82 1.424186992e-28
83 8.093860671e-28
84 4.375987027e-27
85 2.256760253e-26
86 1.112826203e-25
87 5.258320558e-25
88 2.385639295e-24
89 1.041085732e-23
90 4.377367707e-23
91 1.776019316e-22
92 6.963101274e-22
93 2.641464897e-21
94 9.707335685e-21
95 3.459852875e-20
96 1.197219562e-19
97 4.026009464e-19
98 1.316920496e-18
99 4.193746777e-18
100 1.301230079e-17
101 3.936821524e-17
102 1.162220176e-16
103 3.350238741e-16
104 9.435936587e-16
105 2.598234044e-15
106 6.998476786e-15
107 1.844997075e-14
108 4.762965157e-14
109 1.204647363e-13
110 2.986371343e-13
111 7.259714220e-13
112 1.731283282e-12
113 4.051928784e-12
114 9.310313499e-12
115 2.101026281e-11
116 4.658130842e-11
117 1.014953439e-10
118 2.174048604e-10
119 4.579405394e-10
120 9.488280788e-10
121 1.934285531e-09
122 3.880776877e-09
123 7.664553313e-09
124 1.490476059e-08
125 2.854487070e-08
126 5.385006685e-08
127 1.000887060e-07
128 1.833182448e-07
129 3.309214541e-07
130 5.888645959e-07
131 1.033108389e-06
132 1.787232209e-06
133 3.049170186e-06
134 5.131037598e-06
135 8.517365540e-06
136 1.394865087e-05
137 2.253891022e-05
138 3.593777646e-05
139 5.654937769e-05
140 8.782146465e-05
141 1.346185509e-04
142 2.036916255e-04
143 3.042536196e-04
144 4.486635491e-04
145 6.532124543e-04
146 9.389904681e-04
147 1.332796448e-03
148 1.868030071e-03
149 2.585482267e-03
150 3.533915436e-03
151 4.770302973e-03
152 6.359582107e-03
153 8.373769404e-03
154 1.089029921e-02
155 1.398947634e-02
156 1.775098863e-02
157 2.224950447e-02
158 2.754948319e-02
159 3.369944811e-02
160 4.072610283e-02
161 4.862879832e-02
162 5.737496246e-02
163 6.689716327e-02
164 7.709247115e-02
165 8.782469108e-02
166 9.892984165e-02
167 1.102249600e-01
168 1.215199244e-01
169 1.326315429e-01
170 1.433987098e-01
171 1.536970515e-01
172 1.634512456e-01
173 1.726431767e-01
174 1.813143379e-01
175 1.895614166e-01
176 1.975247862e-01
177 2.053705741e-01
178 2.132679657e-01
179 2.213642793e-01
180 2.297609342e-01
181 2.384936221e-01
182 2.475196848e-01
183 2.567149188e-01
184 2.658808424e-01
185 2.747620470e-01
186 2.830718156e-01
187 2.905229520e-01
188 2.968599330e-01
189 3.018882015e-01
190 3.054967237e-01
191 3.076708019e-01
192 3.084934334e-01
193 3.081350597e-01
194 3.068331201e-01
195 3.048641921e-01
196 3.025124659e-01
197 3.000387345e-01
198 2.976539106e-01
199 2.955003610e-01
200 2.936431640e-01
201 2.920719469e-01
202 2.907124494e-01
203 2.894456253e-01
204 2.881311108e-01
205 2.866314177e-01
206 2.848332811e-01
207 2.826631978e-01
208 2.800952208e-01
209 2.771503554e-01
210 2.738882533e-01
211 2.703930953e-01
212 2.667564271e-01
213 2.630601144e-01
214 2.593624457e-01
215 2.556897489e-01
216 2.520347937e-01
217 2.483619278e-01
218 2.446175691e-01
219 2.407436357e-01
220 2.366909498e-01
221 2.324297481e-01
222 2.279551558e-01
223 2.232866850e-01
224 2.184622194e-01
225 2.135282074e-01
226 2.085286047e-01
227 2.034952717e-01
228 1.984420325e-01
229 1.933635699e-01
230 1.882390646e-01
231 1.830393189e-01
232 1.777353304e-01
233 1.723060816e-01
234 1.667436892e-01
235 1.610548702e-01
236 1.552586898e-01
237 1.493814698e-01
238 1.434503549e-01
239 1.374872181e-01
240 1.315043533e-01
241 1.255028476e-01
242 1.194738162e-01
243 1.134020001e-01
244 1.072707106e-01
245 1.010668607e-01
246 9.478487064e-02
247 8.842855006e-02
248 8.201056470e-02
249 7.554967835e-02
250 6.906650041e-02
251 6.257884163e-02
252 5.609789617e-02
253 4.962628254e-02
254 4.315851914e-02
255 3.668387834e-02
256 3.019091308e-02
257 2.367245687e-02
258 1.712971051e-02
259 1.057422207e-02
260 4.027109432e-03
261 -2.484367321e-03
262 -8.932015354e-03
263 -1.529229310e-02
264 -2.155072054e-02
265 -2.770388843e-02
266 -3.375854912e-02
267 -3.972817077e-02
268 -4.562815383e-02
269 -5.147137593e-02
270 -5.726567641e-02
271 -6.301429167e-02
272 -6.871926470e-02
273 -7.438677247e-02
274 -8.003249898e-02
275 -8.568493250e-02
276 -9.138492232e-02
277 -9.718090722e-02
278 -1.031206160e-01
279 -1.092412928e-01
280 -1.155611755e-01
281 -1.220747764e-01
282 -1.287534775e-01
283 -1.355513697e-01
284 -1.424146423e-01
285 -1.492917444e-01
286 -1.561413779e-01
287 -1.629362286e-01
288 -1.696619024e-01
289 -1.763122462e-01
290 -1.828834566e-01
291 -1.893696584e-01
292 -1.957618481e-01
293 -2.020505566e-01
294 -2.082308876e-01
295 -2.143074186e-01
296 -2.202963044e-01
297 -2.262228942e-01
298 -2.321149260e-01
299 -2.379932315e-01
300 -2.438631225e-01
301 -2.497097155e-01
302 -2.554992830e-01
303 -2.611866734e-01
304 -2.667266563e-01
305 -2.720855403e-01
306 -2.772491655e-01
307 -2.822245319e-01
308 -2.870344946e-01
309 -2.917073726e-01
310 -2.962650957e-01
311 -3.007140079e-01
312 -3.050414634e-01
313 -3.092192548e-01
314 -3.132124706e-01
315 -3.169904768e-01
316 -3.205360566e-01
317 -3.238495249e-01
318 -3.269465691e-01
319 -3.298508966e-01
320 -3.325846365e-01
321 -3.351601516e-01
322 -3.375762381e-01
323 -3.398199026e-01
