# dt=3.361082430e-12 dx=1.500000e-03 dy=1.500000e-03 mode=FIXED cpml=0 freq=1.000000000e+09 SIGMA_BG=0 SIGMA_BLOCK=0
0 0.000000000e+00
1 0.000000000e+00
2 0.000000000e+00
3 0.000000000e+00
4 0.000000000e+00
5 0.000000000e+00
6 0.000000000e+00
7 0.000000000e+00
8 0.000000000e+00
9 0.000000000e+00
10 0.000000000e+00
11 0.000000000e+00
12 0.000000000e+00
13 0.000000000e+00
14 0.000000000e+00
15 0.000000000e+00
16 0.000000000e+00
17 0.000000000e+00
18 0.000000000e+00
19 0.000000000e+00
20 0.000000000e+00
21 0.000000000e+00
22 0.000000000e+00
23 0.000000000e+00
24 0.000000000e+00
25 0.000000000e+00
26 0.000000000e+00
27 0.000000000e+00
28 0.000000000e+00
29 0.000000000e+00
30 0.000000000e+00
31 0.000000000e+00
32 0.000000000e+00
33 0.000000000e+00
34 0.000000000e+00
35 0.000000000e+00
36 0.000000000e+00
37 0.000000000e+00
38 0.000000000e+00
39 0.000000000e+00
40 0.000000000e+00
41 0.000000000e+00
42 0.000000000e+00
43 0.000000000e+00
44 0.000000000e+00
45 0.000000000e+00
46 0.000000000e+00
47 0.000000000e+00
48 0.000000000e+00
49 0.000000000e+00
50 0.000000000e+00
51 0.000000000e+00
52 0.000000000e+00
53 0.000000000e+00
54 0.000000000e+00
55 0.000000000e+00
56 0.000000000e+00
57 0.000000000e+00
58 0.000000000e+00
59 0.000000000e+00
60 0.000000000e+00
61 0.000000000e+00
62 0.000000000e+00
63 0.000000000e+00
64 0.000000000e+00
65 7.841824535e-48
66 7.201908652e-46
67 3.347385094e-44
68 1.046848298e-42
69 2.475279199e-41
70 4.717409526e-40
71 7.545324605e-39
72 1.041431767e-37
73 1.265826951e-36
74 1.375981810e-35
75 1.353989085e-34
76 1.217955863e-33
77 1.009629365e-32
78 7.764962601e-32
79 5.572591490e-31
80 3.750261020e-30
81 2.376942651e-29
82 1.424186992e-28
83 8.093860671e-28
84 4.375987027e-27
85 2.256760253e-26
86 1.112826203e-25
87 5.258320558e-25
88 2.385639295e-24
89 1.041085732e-23
90 4.377367707e-23
91 1.776019316e-22
92 6.963101274e-22
93 2.641464897e-21
94 9.707335685e-21
95 3.459852875e-20
96 1.197219562e-19
97 4.026009464e-19
98 1.316920496e-18
99 4.193746777e-18
100 1.301230079e-17
101 3.936821524e-17
102 1.162220176e-16
103 3.350238741e-16
104 9.435936587e-16
105 2.598234044e-15
106 6.998476786e-15
107 1.844997075e-14
108 4.762965157e-14
109 1.204647363e-13
110 2.986371343e-13
111 7.259714220e-13
112 1.731283282e-12
113 4.051928784e-12
114 9.310313499e-12
115 2.101026281e-11
116 4.658130842e-11
117 1.014953439e-10
118 2.174048604e-10
119 4.579405394e-10
120 9.488280788e-10
121 1.934285531e-09
122 3.880776877e-09
123 7.664553313e-09
124 1.490476059e-08
125 2.854487070e-08
126 5.385006685e-08
127 1.000887060e-07
128 1.833182448e-07
129 3.309214541e-07
130 5.888645959e-07
131 1.033108389e-06
132 1.787232209e-06
133 3.049170186e-06
134 5.131037598e-06
135 8.517365540e-06
136 1.394865087e-05
137 2.253891022e-05
138 3.593777646e-05
139 5.654937769e-05
140 8.782146465e-05
141 1.346185509e-04
142 2.036916255e-04
143 3.042536196e-04
144 4.486635491e-04
145 6.532124543e-04
146 9.389904681e-04
147 1.332796448e-03
148 1.868030071e-03
149 2.585482267e-03
150 3.533915436e-03
151 4.770302973e-03
152 6.359582107e-03
153 8.373769404e-03
154 1.089029921e-02
155 1.398947634e-02
156 1.775098863e-02
157 2.224950447e-02
158 2.754948319e-02
159 3.369944811e-02
160 4.072610283e-02
161 4.862879832e-02
162 5.737496246e-02
163 6.689716327e-02
164 7.709247115e-02
165 8.782469108e-02
166 9.892984165e-02
167 1.102249600e-01
168 1.215199244e-01
169 1.326315429e-01
170 1.433987098e-01
171 1.536970515e-01
172 1.634512456e-01
173 1.726431767e-01
174 1.813143379e-01
175 1.895614166e-01
176 1.975247862e-01
177 2.053705741e-01
178 2.132679657e-01
179 2.213642793e-01
180 2.297609342e-01
181 2.384936221e-01
182 2.475196848e-01
183 2.567149188e-01
184 2.658808424e-01
185 2.747620470e-01
186 2.830718156e-01
187 2.905229520e-01
188 2.968599330e-01
189 3.018882015e-01
190 3.054967237e-01
191 3.076708019e-01
192 3.084934334e-01
193 3.081350597e-01
194 3.068331201e-01
195 3.048641921e-01
196 3.025124659e-01
197 3.000387345e-01
198 2.976539106e-01
199 2.955003610e-01
200 2.936431640e-01
201 2.920719469e-01
202 2.907124494e-01
203 2.894456253e-01
204 2.881311108e-01
205 2.866314177e-01
206 2.848332811e-01
207 2.826631978e-01
208 2.800952208e-01
209 2.771503554e-01
210 2.738882533e-01
211 2.703930953e-01
212 2.667564271e-01
213 2.630601144e-01
214 2.593624457e-01
215 2.556897489e-01
216 2.520347937e-01
217 2.483619278e-01
218 2.446175691e-01
219 2.407436357e-01
220 2.366909498e-01
221 2.324297481e-01
222 2.279551558e-01
223 2.232866850e-01
224 2.184622194e-01
225 2.135282074e-01
226 2.085286047e-01
227 2.034952717e-01
228 1.984420325e-01
229 1.933635699e-01
230 1.882390646e-01
231 1.830393189e-01
232 1.777353304e-01
233 1.723060816e-01
234 1.667436892e-01
235 1.610548702e-01
236 1.552586898e-01
237 1.493814698e-01
238 1.434503549e-01
239 1.374872181e-01
240 1.315043533e-01
241 1.255028476e-01
242 1.194738162e-01
243 1.134020001e-01
244 1.072707106e-01
245 1.010668607e-01
246 9.478487064e-02
247 8.842855006e-02
248 8.201056470e-02
249 7.554967835e-02
250 6.906650041e-02
251 6.257884163e-02
252 5.609789617e-02
253 4.962628254e-02
254 4.315851914e-02
255 3.668387834e-02
256 3.019091308e-02
257 2.367245687e-02
258 1.712971051e-02
259 1.057422207e-02
260 4.027109432e-03
261 -2.484367321e-03
262 -8.932015354e-03
263 -1.529229310e-02
264 -2.155072054e-02
265 -2.770388843e-02
266 -3.375854912e-02
267 -3.972817077e-02
268 -4.562815383e-02
269 -5.147137593e-02
270 -5.726567641e-02
271 -6.301429167e-02
272 -6.871926470e-02
273 -7.438677247e-02
274 -8.003249898e-02
275 -8.568493250e-02
276 -9.138492232e-02
277 -9.718090722e-02
278 -1.031206160e-01
279 -1.092412928e-01
280 -1.155611755e-01
281 -1.220747764e-01
282 -1.287534775e-01
283 -1.355513697e-01
284 -1.424146423e-01
285 -1.492917444e-01
286 -1.561413779e-01
287 -1.629362286e-01
288 -1.696619024e-01
289 -1.763122462e-01
290 -1.828834566e-01
291 -1.893696584e-01
292 -1.957618481e-01
293 -2.020505566e-01
294 -2.082308876e-01
295 -2.143074186e-01
296 -2.202963044e-01
297 -2.262228942e-01
298 -2.321149260e-01
299 -2.379932315e-01
300 -2.438631225e-01
301 -2.497097155e-01
302 -2.554992830e-01
303 -2.611866734e-01
304 -2.667266563e-01
305 -2.720855403e-01
306 -2.772491655e-01
307 -2.822245319e-01
308 -2.870344946e-01
309 -2.917073726e-01
310 -2.962650957e-01
311 -3.007140079e-01
312 -3.050414634e-01
313 -3.092192548e-01
314 -3.132124706e-01
315 -3.169904768e-01
316 -3.205360566e-01
317 -3.238495249e-01
318 -3.269465691e-01
319 -3.298508966e-01
320 -3.325846365e-01
321 -3.351601516e-01
322 -3.375762381e-01
323 -3.398199026e-01
324 -3.418727186e-01
325 -3.437190187e-01
326 -3.453525434e-01
327 -3.467788631e-01
328 -3.480126483e-01
329 -3.490709612e-01
330 -3.499653735e-01
331 -3.506962121e-01
332 -3.512514095e-01
333 -3.516106010e-01
334 -3.517529961e-01
335 -3.516659995e-01
336 -3.513511918e-01
337 -3.508252665e-01
338 -3.501154716e-01
339 -3.492512528e-01
340 -3.482552809e-01
341 -3.471372741e-01
342 -3.458928997e-01
343 -3.445080126e-01
344 -3.429663771e-01
345 -3.412576782e-01
346 -3.393825875e-01
347 -3.373529191e-01
348 -3.351869542e-01
349 -3.329019939e-01
350 -3.305073009e-01
351 -3.280003828e-01
352 -3.253681561e-01
353 -3.225925055e-01
354 -3.196579586e-01
355 -3.165583620e-01
356 -3.132998766e-01
357 -3.098991262e-01
358 -3.063772801e-01
359 -3.027524494e-01
360 -2.990333950e-01
361 -2.952169616e-01
362 -2.912901345e-01
363 -2.872357860e-01
364 -2.830397654e-01
365 -2.786965344e-01
366 -2.742112066e-01
367 -2.695973271e-01
368 -2.648714238e-01
369 -2.600465956e-01
370 -2.551277047e-01
371 -2.501100114e-01
372 -2.449816520e-01
373 -2.397288080e-01
374 -2.343413829e-01
375 -2.288168852e-01
376 -2.231610381e-01
377 -2.173850268e-01
378 -2.115006613e-01
379 -2.055155245e-01
380 -1.994300806e-01
381 -1.932378281e-01
382 -1.869282887e-01
383 -1.804914746e-01
384 -1.739219423e-01
385 -1.672207886e-01
386 -1.603948550e-01
387 -1.534535601e-01
388 -1.464047226e-01
389 -1.392510829e-01
390 -1.319888920e-01
391 -1.246090497e-01
392 -1.171002399e-01
393 -1.094527262e-01
394 -1.016612581e-01
395 -9.372596594e-02
396 -8.565100045e-02
397 -7.744163373e-02
398 -6.910118812e-02
399 -6.062922604e-02
400 -5.202190634e-02
401 -4.327451905e-02
402 -3.438533133e-02
403 -2.535937691e-02
404 -1.621089156e-02
405 -6.963683891e-03
406 2.350432044e-03
407 1.169428593e-02
408 2.102789482e-02
409 3.030989658e-02
410 3.949746441e-02
411 4.854504383e-02
412 5.740285100e-02
413 6.601627986e-02
414 7.432710612e-02
415 8.227675046e-02
416 8.981111112e-02
417 9.688588895e-02
418 1.034711340e-01
419 1.095540199e-01
420 1.151394865e-01
421 1.202491232e-01
422 1.249191784e-01
423 1.291986693e-01
424 1.331481847e-01
425 1.368393262e-01
426 1.403541097e-01
427 1.437833708e-01
428 1.472234042e-01
429 1.507706619e-01
430 1.545150550e-01
431 1.585329493e-01
432 1.628810877e-01
433 1.675923812e-01
434 1.726739495e-01
435 1.781072211e-01
436 1.838495488e-01
437 1.898367765e-01
438 1.959864306e-01
439 2.022015408e-01
440 2.083753191e-01
441 2.143969120e-01
442 2.201581844e-01
443 2.255611056e-01
444 2.305249512e-01
445 2.349923500e-01
446 2.389332840e-01
447 2.423464316e-01
448 2.452576658e-01
449 2.477159262e-01
450 2.497870066e-01
451 2.515459991e-01
452 2.530692219e-01
453 2.544264806e-01
454 2.556744705e-01
455 2.568520269e-01
456 2.579777383e-01
457 2.590501552e-01
458 2.600504954e-01
459 2.609474317e-01
460 2.617033241e-01
461 2.622811543e-01
462 2.626514164e-01
463 2.627982549e-01
464 2.627241827e-01
465 2.624527441e-01
466 2.620285777e-01
467 2.615145396e-01
468 2.609859031e-01
469 2.605221258e-01
470 2.601971570e-01
471 2.600696153e-01
472 2.601742929e-01
473 2.605162993e-01
474 2.610687807e-01
475 2.617746260e-01
476 2.625520014e-01
477 2.633030388e-01
478 2.639245918e-01
479 2.643197279e-01
480 2.644085594e-01
481 2.641371213e-01
482 2.634832726e-01
483 2.624589561e-01
484 2.611085683e-01
485 2.595036028e-01
486 2.577341247e-01
487 2.558979886e-01
488 2.540890171e-01
489 2.523855726e-01
490 2.508410246e-01
491 2.494774796e-01
492 2.482837636e-01
493 2.472180488e-01
494 2.462147814e-01
495 2.451948253e-01
496 2.440771483e-01
497 2.427900892e-01
498 2.412803271e-01
499 2.395181427e-01
500 2.374983057e-01
501 2.352367766e-01
502 2.327641689e-01
503 2.301174077e-01
504 2.273311526e-01
505 2.244303669e-01
506 2.214250097e-01
507 2.183073838e-01
508 2.150522794e-01
509 2.116197804e-01
510 2.079603801e-01
511 2.040218451e-01
512 1.997570052e-01
513 1.951313957e-01
514 1.901295135e-01
515 1.847585233e-01
516 1.790486107e-01
517 1.730498210e-01
518 1.668259809e-01
519 1.604469800e-01
520 1.539810652e-01
521 1.474887543e-01
522 1.410195076e-01
523 1.346115326e-01
524 1.282942776e-01
525 1.220925145e-01
526 1.160306012e-01
527 1.101356137e-01
528 1.044384659e-01
529 9.897273772e-02
530 9.377151886e-02
531 8.886297994e-02
532 8.426554789e-02
533 7.998350318e-02
534 7.600363194e-02
535 7.229335991e-02
536 6.880064088e-02
537 6.545577819e-02
538 6.217527360e-02
539 5.886765072e-02
540 5.544094239e-02
541 5.181117736e-02
542 4.791083887e-02
543 4.369603199e-02
544 3.915111517e-02
545 3.428988850e-02
546 2.915304077e-02
547 2.380229075e-02
548 1.831230238e-02
549 1.276181582e-02
550 7.225413013e-03
551 1.766962959e-03
552 -3.564776234e-03
553 -8.738465288e-03
554 -1.374080176e-02
555 -1.857588885e-02
556 -2.326359926e-02
557 -2.783690609e-02
558 -3.233799742e-02
559 -3.681308479e-02
560 -4.130616741e-02
561 -4.585249795e-02
562 -5.047289955e-02
563 -5.517019987e-02
564 -5.992876218e-02
565 -6.471744604e-02
566 -6.949550673e-02
567 -7.422021099e-02
568 -7.885454900e-02
569 -8.337348120e-02
570 -8.776762742e-02
571 -9.204399350e-02
572 -9.622398927e-02
573 -1.003394207e-01
574 -1.044272702e-01
575 -1.085239878e-01
576 -1.126598659e-01
577 -1.168540113e-01
578 -1.211105128e-01
579 -1.254165364e-01
580 -1.297430916e-01
581 -1.340489252e-01
582 -4.031277879e-01
583 -5.491942601e-01
584 -5.477051567e-01
585 -4.429460578e-01
586 -3.032433958e-01
587 -1.928816503e-01
588 -1.467066768e-01
589 -1.427470067e-01
590 -1.313965668e-01
591 -9.973435796e-02
592 -7.116380620e-02
593 -6.353076972e-02
594 -6.605292183e-02
595 -5.555340146e-02
596 -3.601185891e-02
597 -2.773668369e-02
598 -3.091307440e-02
599 -3.001710815e-02
600 -1.851145293e-02
601 -9.558327791e-03
602 -1.234056675e-02
603 -1.553305225e-02
604 -1.004555698e-02
605 -2.553451427e-03
606 -3.341910392e-03
607 -8.977218372e-03
608 -7.837011519e-03
609 -2.036227996e-03
610 -1.615012833e-03
611 -6.954259500e-03
612 -9.295975939e-03
613 -5.251012724e-03
614 -3.532381095e-03
615 -8.240732483e-03
616 -1.212402706e-02
617 -1.036574355e-02
618 -7.729689459e-03
619 -1.071674752e-02
620 -1.539105365e-02
621 -1.475607616e-02
622 -1.164653038e-02
623 -1.231994310e-02
624 -1.622777290e-02
625 -1.677553129e-02
626 -1.316913005e-02
627 -1.214081990e-02
628 -1.500053854e-02
629 -1.639995767e-02
630 -1.363335014e-02
631 -1.126424540e-02
632 -1.337482102e-02
633 -1.567946256e-02
634 -1.414907545e-02
635 -1.179944350e-02
636 -1.302996873e-02
637 -1.632571624e-02
638 -1.643336913e-02
639 -1.435392145e-02
640 -1.500556496e-02
641 -1.818779808e-02
642 -1.952482762e-02
643 -1.763858695e-02
644 -1.698964382e-02
645 -1.952193394e-02
646 -2.114524405e-02
647 -1.966647215e-02
648 -1.806499373e-02
649 -1.959478535e-02
650 -2.185185798e-02
651 -2.105824628e-02
652 -1.922297524e-02
653 -1.973673245e-02
654 -2.154595999e-02
655 -2.072025488e-02
656 -1.709644840e-02
657 -1.483737882e-02
658 -1.470197528e-02
659 -1.401078086e-02
660 -1.271584531e-02
661 -1.481606188e-02
662 -2.281523156e-02
663 -3.305700437e-02
664 -4.148843561e-02
665 -4.813030707e-02
666 -5.355679868e-02
667 -5.592256816e-02
668 -5.357955628e-02
669 -5.042772254e-02
670 -5.227029195e-02
671 -5.924465172e-02
672 -6.688872583e-02
673 -7.201169832e-02
674 -7.542671940e-02
675 -7.765474633e-02
676 -7.742088227e-02
677 -7.619180130e-02
678 -7.765843832e-02
679 -8.328315393e-02
680 -8.964126888e-02
681 -9.243727170e-02
682 -9.263193698e-02
683 -9.321687020e-02
684 -9.396992073e-02
685 -9.339858793e-02
686 -9.297910534e-02
687 -9.527008081e-02
688 -9.894144096e-02
689 -1.008707045e-01
690 -1.005365594e-01
691 -1.002857850e-01
692 -1.018551357e-01
693 -1.034807835e-01
694 -1.035389317e-01
695 -1.032539956e-01
696 -1.044636617e-01
697 -1.067123839e-01
698 -1.073992170e-01
699 -1.071126291e-01
700 -8.480267447e-01
701 -1.299867577e+00
702 -1.367512106e+00
703 -1.139951968e+00
704 -7.931157916e-01
705 -5.097352293e-01
706 -3.960257294e-01
707 -3.982747711e-01
708 -3.800369951e-01
709 -3.029461462e-01
710 -2.303375175e-01
711 -2.131044093e-01
712 3.616335864e-01
713 7.339790157e-01
714 8.253427406e-01
715 6.567279587e-01
716 3.668825203e-01
717 1.405096707e-01
718 7.981346677e-02
719 1.064529315e-01
720 8.559836802e-02
721 1.673048015e-02
722 -2.410845041e-02
723 -1.246841751e-02
724 1.049888445e-03
725 -2.815114469e-02
726 -6.059668989e-02
727 -5.516528636e-02
728 -3.775227092e-02
729 -4.599524616e-02
730 -7.190705424e-02
731 -7.455946505e-02
732 -5.609337524e-02
733 -5.502886366e-02
734 -7.334651194e-02
735 -8.136437132e-02
736 -6.724378588e-02
737 -5.806542602e-02
738 -7.093504135e-02
739 -8.089037379e-02
740 -7.141665938e-02
741 -5.907880675e-02
742 -6.385806383e-02
743 -7.525233560e-02
744 -6.992453860e-02
745 -5.656714135e-02
746 -5.585204243e-02
747 -6.480470354e-02
748 -6.449039223e-02
749 -5.156736374e-02
750 -4.624765339e-02
751 -5.341027393e-02
752 -5.594523287e-02
753 -4.676443486e-02
754 -3.839082390e-02
755 -4.270012311e-02
756 -4.803898056e-02
757 -4.137464271e-02
758 -3.197883934e-02
759 -3.211817990e-02
760 -3.779321999e-02
761 -3.457198152e-02
762 -2.408185825e-02
763 -2.150086144e-02
764 -2.645084582e-02
765 -2.634123880e-02
766 -1.731557701e-02
767 -1.136558172e-02
768 -1.537234376e-02
769 -1.703934761e-02
770 -8.976881681e-03
771 2.392770799e-04
772 1.976069851e-03
773 3.114032138e-03
774 1.607630143e-02
775 3.500108653e-02
776 4.728263772e-02
777 5.365894910e-02
778 6.199091813e-02
779 6.987077437e-02
780 6.314045270e-02
781 4.125719366e-02
782 2.040060139e-02
783 1.003740463e-02
784 6.075529715e-03
785 3.128162338e-03
786 6.262318137e-03
787 1.610419881e-02
788 1.804328867e-02
789 3.351363295e-03
790 -1.678691402e-02
791 -2.290631481e-02
792 -1.092861743e-02
793 8.391400614e-03
794 2.949208126e-02
795 4.999325238e-02
796 6.190829877e-02
797 5.511233987e-02
798 3.329923790e-02
799 1.772415097e-02
800 2.007494961e-02
801 3.265985314e-02
802 4.581607423e-02
803 5.737905954e-02
804 6.628491567e-02
805 6.579355551e-02
806 5.517415259e-02
807 4.612491296e-02
808 4.954834256e-02
809 6.296656517e-02
810 7.307229329e-02
811 7.478923415e-02
812 7.541160807e-02
813 7.866894425e-02
814 7.846918815e-02
815 7.164220637e-02
816 6.885965467e-02
817 7.506312025e-02
818 8.029962443e-02
819 8.157668220e-02
820 8.360725970e-02
821 8.691398609e-02
822 8.794887203e-02
823 8.590418594e-02
824 8.608872563e-02
825 8.962235214e-02
826 9.266977941e-02
827 9.311808909e-02
828 9.126660624e-02
829 9.270723543e-02
830 9.907411195e-02
831 1.011566455e-01
832 9.463825745e-02
833 9.002064949e-02
834 9.599839527e-02
835 1.030469806e-01
836 9.511783394e-01
837 1.472732013e+00
838 1.567506746e+00
839 1.325528570e+00
840 9.327557140e-01
841 6.036175490e-01
842 4.749235088e-01
843 4.856208984e-01
844 4.702026802e-01
845 3.813189979e-01
846 2.967874380e-01
847 2.793636726e-01
848 2.952523554e-01
849 2.680159169e-01
850 2.084573289e-01
851 1.828379888e-01
852 1.939663247e-01
853 1.911260116e-01
854 1.526529727e-01
855 1.214679551e-01
856 1.273785673e-01
857 1.330455837e-01
858 1.089165826e-01
859 7.920745941e-02
860 7.704542815e-02
861 8.710865543e-02
862 6.985852418e-02
863 3.348983991e-02
864 8.906509822e-03
865 -1.058208606e-02
866 -5.471194744e-02
867 -1.182865604e-01
868 -1.493732447e-01
869 -1.206621081e-01
870 -6.111565344e-02
871 -6.481953308e-03
872 3.321655550e-02
873 5.470547531e-02
874 3.774275617e-02
875 -1.833273974e-02
876 -7.295970592e-02
877 -9.641580934e-02
878 -9.713656524e-02
879 -1.007425742e-01
880 -1.136493550e-01
881 -1.184696057e-01
882 -1.156941682e-01
883 -1.240530722e-01
884 -1.434877528e-01
885 -1.481986101e-01
886 -1.236556104e-01
887 -1.007857500e-01
888 -1.086567962e-01
889 -1.198588087e-01
890 -9.850637277e-02
891 -6.391674025e-02
892 -5.509608183e-02
893 -6.294919574e-02
894 -5.546078774e-02
895 -3.757180452e-02
896 -3.505300409e-02
897 -4.910797011e-02
898 -5.974169331e-02
899 -6.327377386e-02
900 -7.416204032e-02
901 -9.606545240e-02
902 -1.245236638e-01
903 -1.593833743e-01
904 -1.981594460e-01
905 -2.315246345e-01
906 -2.527235740e-01
907 -2.691813288e-01
908 -2.897772073e-01
909 -3.091542560e-01
910 -3.183436748e-01
911 -3.179494729e-01
912 -3.183225801e-01
913 -3.273470339e-01
914 -3.395963440e-01
915 -3.443495359e-01
916 -3.382490619e-01
917 -3.250642890e-01
918 -3.051556203e-01
919 -2.733672863e-01
920 -2.319151542e-01
921 -1.958801962e-01
922 -1.815340444e-01
923 -1.924473185e-01
924 -2.193634641e-01
925 -2.518805408e-01
926 -2.812634625e-01
927 -2.954424479e-01
928 -2.888312542e-01
929 -2.737999578e-01
930 -2.674969067e-01
931 -2.721776390e-01
